date,vaccinated_min,vaccinated_max,vaccinated,fully_vaccinated_min,fully_vaccinated_max,fully_vaccinated,single_dose_vaccinated_min,single_dose_vaccinated_max,single_dose_vaccinated,total_vaccinations
2021-01-03,0,0,0,0,0,0,0,0,0,0
2021-01-04,4822,4822,4822,0,0,0,4822,4822,4822,4822
2021-01-05,9643,9643,9643,0,0,0,9643,9643,9643,9643
2021-01-06,14465,14465,14465,0,0,0,14465,14465,14465,14465
2021-01-07,19287,19287,19287,0,0,0,19287,19287,19287,19287
2021-01-08,24109,24109,24109,0,0,0,24109,24109,24109,24109
2021-01-09,28930,28930,28930,0,0,0,28930,28930,28930,28930
2021-01-10,33752,33752,33752,0,0,0,33752,33752,33752,33752
2021-01-11,39919,39919,39919,0,0,0,39919,39919,39919,39919
2021-01-12,46086,46086,46086,0,0,0,46086,46086,46086,46086
2021-01-13,52253,52253,52253,0,0,0,52253,52253,52253,52253
2021-01-14,58421,58421,58421,0,0,0,58421,58421,58421,58421
2021-01-15,64588,64588,64588,0,0,0,64588,64588,64588,64588
2021-01-16,70755,70755,70755,0,0,0,70755,70755,70755,70755
2021-01-17,76922,76922,76922,0,0,0,76922,76922,76922,76922
2021-01-18,89682,89682,89682,0,0,0,89682,89682,89682,89682
2021-01-19,102443,102443,102443,0,0,0,102443,102443,102443,102443
2021-01-20,115203,115203,115203,0,0,0,115203,115203,115203,115203
2021-01-21,127964,127964,127964,0,0,0,127964,127964,127964,127964
2021-01-22,140724,140724,140724,0,0,0,140724,140724,140724,140724
2021-01-23,148663,153485,151074,0,0,0,143841,153485,148663,153485
2021-01-24,156602,166245,161424,0,0,0,146959,166245,156602,166245
2021-01-25,178258,192723,185490,0,0,0,163793,192723,178258,192723
2021-01-26,199913,219200,209556,0,19287,9644,180626,219200,199913,219200
2021-01-27,221569,245678,233624,0,24109,12054,197460,245678,221569,245678
2021-01-28,243224,272154,257689,0,28930,14465,214294,272154,243224,272154
2021-01-29,264880,293810,279345,4822,33752,19287,231128,288988,260058,298632
2021-01-30,285190,315466,300328,9643,39919,24781,245271,305823,275547,325109
2021-01-31,305501,337122,321312,14465,46086,30276,259415,322657,291036,351587
2021-02-01,330747,363713,347230,19287,52253,35770,278494,344426,311460,383000
2021-02-02,355992,390304,373148,24109,58421,41265,297571,366195,331883,414413
2021-02-03,381238,416896,399067,28930,64588,46759,316650,387966,352308,445826
2021-02-04,406484,443487,424986,33752,70755,52254,335729,409735,372732,477239
2021-02-05,431730,468733,450232,39919,76922,58420,354808,428814,391811,508652
2021-02-06,450750,493979,472364,46086,89315,67700,361435,447893,404664,540065
2021-02-07,469770,519225,494498,52253,101708,76980,368062,466972,417517,571478
2021-02-08,500702,543989,522346,58421,101708,80064,398994,485568,442281,602410
2021-02-09,531634,568754,550194,64588,101708,83148,429926,504166,467046,633342
2021-02-10,550173,593519,571846,70755,114101,92428,436072,522764,479418,664274
2021-02-11,568711,618283,593497,76922,126494,101708,442217,541361,491789,695205
2021-02-12,587250,636822,612036,89315,138887,114101,448363,547507,497935,726137
2021-02-13,610244,655361,632802,101708,146825,124266,463419,553653,508536,757069
2021-02-14,633236,686293,659764,101708,154765,128236,478471,584585,531528,788001
2021-02-15,647850,722028,684939,101708,175886,138797,471964,620320,546142,823736
2021-02-16,662463,757763,710113,101708,197008,149358,465455,656055,560755,859471
2021-02-17,677077,793498,735288,101708,218129,159918,458948,691790,575369,895206
2021-02-18,691687,829230,760458,101708,239251,170480,452436,727522,589979,930938
2021-02-19,706301,864965,785633,101708,260372,181040,445929,763257,604593,966673
2021-02-20,721725,888307,805016,114101,280683,197392,441042,774206,607624,1002408
2021-02-21,737150,911649,824400,126494,300993,213744,436157,785155,610656,1038143
2021-02-22,761276,948674,854975,138887,326285,232586,434991,809787,622389,1087561
2021-02-23,785405,985334,885370,151647,351576,251612,433829,833687,633758,1136981
2021-02-24,809531,1021991,915761,164408,376868,270638,432663,857583,645123,1186399
2021-02-25,833657,1045465,939561,190351,402159,296255,431498,855114,643306,1235816
2021-02-26,882173,1068939,975556,216295,403061,309678,479112,852644,665878,1285234
2021-02-27,930737,1092416,1011576,242238,403917,323078,526820,850178,688499,1334654
2021-02-28,979300,1115891,1047596,268181,404772,336476,574528,847710,711119,1384072
2021-03-01,1020595,1136921,1078758,289302,405628,347465,614967,847619,731293,1426223
2021-03-02,1061890,1157415,1109652,310959,406484,358722,655406,846456,750931,1468374
2021-03-03,1103185,1177911,1140548,332614,407340,369977,695845,845297,770571,1510525
2021-03-04,1144481,1193425,1168953,359251,408195,383723,736286,834174,785230,1552676
2021-03-05,1161386,1208939,1185162,385888,433441,409664,727945,823051,775498,1594827
2021-03-06,1184464,1224452,1204458,412526,452514,432520,731950,811926,771938,1636978
2021-03-07,1207544,1239967,1223756,439162,471585,455374,735959,800805,768382,1679129
2021-03-08,1223733,1279648,1251690,440064,495979,468022,727754,839584,783669,1719712
2021-03-09,1239922,1319374,1279648,440920,520372,480646,719550,878454,799002,1760294
2021-03-10,1266672,1359102,1312887,441775,534205,487990,732467,917327,824897,1800877
2021-03-11,1306714,1398828,1352771,442631,534745,488688,771969,956197,864083,1841459
2021-03-12,1346757,1438555,1392656,443487,535285,489386,811472,995068,903270,1882042
2021-03-13,1385421,1478281,1431851,444343,537203,490773,848218,1033938,941078,1922624
2021-03-14,1424087,1518009,1471048,445198,539120,492159,884967,1072811,978889,1963207
2021-03-15,1435021,1547560,1491290,446054,558593,502324,876428,1101506,988967,1993614
2021-03-16,1445958,1577061,1511510,446962,578065,512514,867893,1130099,998996,2024023
2021-03-17,1456892,1582171,1519532,472259,597538,534898,859354,1109912,984633,2054430
2021-03-18,1463540,1587281,1525410,497558,621299,559428,842241,1089723,965982,2084839
2021-03-19,1470187,1592391,1531289,522855,645059,583957,825128,1069536,947332,2115246
2021-03-20,1498731,1598112,1548422,547543,646924,597234,851807,1050569,951188,2145655
2021-03-21,1527272,1603830,1565551,572232,648790,610511,878482,1031598,955040,2176062
2021-03-22,1567972,1622466,1595219,596161,650655,623408,917317,1026305,971811,2218627
2021-03-23,1605777,1639727,1622752,621467,655417,638442,950360,1018260,984310,2261194
2021-03-24,1643580,1660931,1652256,642828,660179,651504,983401,1018103,1000752,2303759
2021-03-25,1681338,1683656,1682497,662669,664987,663828,1016351,1020987,1018669,2346325
2021-03-26,1700916,1719095,1710006,669795,687974,678884,1012942,1049300,1031121,2388890
2021-03-27,1734271,1756980,1745626,674477,697186,685832,1037085,1082503,1059794,2431457
2021-03-28,1774551,1793519,1784035,680503,699471,689987,1075080,1113016,1094048,2474022
2021-03-29,1836782,1852008,1844395,686530,701756,694143,1135026,1165478,1150252,2538538
2021-03-30,1874881,1908603,1891742,694452,728174,711313,1146707,1214151,1180429,2603055
2021-03-31,1913346,1965197,1939272,702374,754225,728300,1159121,1262823,1210972,2667571
2021-04-01,1951814,2021847,1986830,710242,780275,745258,1171539,1311605,1241572,2732089
2021-04-02,1990281,2078493,2034387,718112,806324,762218,1183957,1360381,1272169,2796605
2021-04-03,2028748,2110692,2069720,750430,832374,791402,1196374,1360262,1278318,2861122
2021-04-04,2079606,2142889,2111248,782749,846032,814390,1233574,1360140,1296857,2925638
2021-04-05,2157826,2202448,2180137,815067,859689,837378,1298137,1387381,1342759,3017515
2021-04-06,2229296,2263447,2246372,845945,880096,863020,1349200,1417502,1383351,3109392
2021-04-07,2301301,2324446,2312874,876823,899968,888396,1401333,1447623,1424478,3201269
2021-04-08,2373304,2386823,2380064,906322,919841,913082,1453463,1480501,1466982,3293145
2021-04-09,2449200,2458492,2453846,926530,935822,931176,1513378,1531962,1522670,3385022
2021-04-10,2535805,2543679,2539742,933220,941094,937157,1594711,1610459,1602585,3476899
2021-04-11,2616182,2628867,2622524,939909,952594,946252,1663588,1688958,1676273,3568776
2021-04-12,2719909,2737401,2728655,946600,964092,955346,1755817,1790801,1773309,3684001
2021-04-13,2833655,2842865,2838260,956362,965572,960967,1868083,1886503,1877293,3799227
2021-04-14,2947402,2948284,2947843,966168,967050,966609,1980352,1982116,1981234,3914452
2021-04-15,3051070,3053702,3052386,975977,978609,977293,2072461,2077725,2075093,4029679
2021-04-16,3141814,3164101,3152958,980803,1003090,991946,2138724,2183298,2161011,4144904
2021-04-17,3229602,3274501,3252052,985629,1030528,1008078,2199074,2288872,2243973,4260130
2021-04-18,3317388,3384901,3351144,990454,1057967,1024210,2259421,2394447,2326934,4375355
2021-04-19,3383227,3473350,3428288,996552,1086675,1041614,2296552,2476798,2386675,4468632
2021-04-20,3462532,3541135,3501834,1023313,1101916,1062614,2360616,2517822,2439219,4561909
2021-04-21,3541838,3608971,3575404,1050024,1117157,1083590,2424681,2558947,2491814,4655186
2021-04-22,3621016,3676731,3648874,1076810,1132525,1104668,2488491,2599921,2544206,4748463
2021-04-23,3705017,3744492,3724754,1103596,1143071,1123334,2561946,2640896,2601421,4841740
2021-04-24,3788919,3812252,3800586,1130382,1153715,1142048,2635204,2681870,2658537,4935017
2021-04-25,3850445,3880013,3865229,1157168,1186736,1171952,2663709,2722845,2693277,5028294
2021-04-26,3916694,3952496,3934595,1188346,1224148,1206247,2692546,2764150,2728348,5126294
2021-04-27,3977688,4018649,3998168,1225851,1266812,1246332,2710876,2792798,2751837,5224292
2021-04-28,4041584,4084809,4063196,1263352,1306577,1284964,2735007,2821457,2778232,5322292
2021-04-29,4105534,4166319,4135926,1285498,1346283,1315890,2759251,2880821,2820036,5420288
2021-04-30,4169488,4247833,4208660,1307645,1385990,1346818,2783498,2940188,2861843,5518288
2021-05-01,4234467,4329344,4281906,1329792,1424669,1377230,2809798,2999552,2904675,5616286
2021-05-02,4299817,4410247,4355032,1352550,1462980,1407765,2836837,3057697,2947267,5714286
2021-05-03,4387042,4511683,4449362,1376353,1500994,1438674,2886048,3135330,3010689,5832816
2021-05-04,4448205,4616786,4532496,1396492,1565073,1480782,2883132,3220294,3051713,5951348
2021-05-05,4511260,4722369,4616814,1416148,1627257,1521702,2884003,3306221,3095112,6069878
2021-05-06,4574478,4817314,4695896,1446443,1689279,1567861,2885199,3370871,3128035,6188408
2021-05-07,4637697,4910735,4774216,1478261,1751299,1614780,2886398,3432474,3159436,6306938
2021-05-08,4701317,5009626,4855472,1504612,1812921,1658766,2888396,3505014,3196705,6425470
2021-05-09,4789860,5092421,4941140,1547056,1849617,1698336,2940243,3545365,3242804,6544000
2021-05-10,4899481,5189368,5044424,1593847,1883734,1738790,3015747,3595521,3305634,6683608
2021-05-11,5006857,5268980,5137918,1657971,1920094,1789032,3086763,3611009,3348886,6823215
2021-05-12,5112422,5372120,5242271,1698569,1958267,1828418,3154155,3673551,3413853,6962823
2021-05-13,5220944,5480056,5350500,1734369,1993481,1863925,3227463,3745687,3486575,7102430
2021-05-14,5329466,5587994,5458730,1770169,2028697,1899433,3300769,3817825,3559297,7242038
2021-05-15,5437581,5695930,5566756,1805969,2064318,1935144,3373263,3889961,3631612,7381645
2021-05-16,5521260,5803868,5662564,1841769,2124377,1983073,3396883,3962099,3679491,7521253
2021-05-17,5614410,5902657,5758534,1888361,2176608,2032484,3437802,4014296,3726049,7664106
2021-05-18,5686393,5994751,5840572,1941647,2250005,2095826,3436388,4053104,3744746,7806958
2021-05-19,5747822,6093779,5920800,1988000,2333957,2160978,3413865,4105779,3759822,7949811
2021-05-20,5809350,6189250,5999300,2037911,2417811,2227861,3391539,4151339,3771439,8092665
2021-05-21,5874629,6284720,6079674,2087822,2497913,2292868,3376716,4196898,3786807,8235518
2021-05-22,5953502,6367006,6160254,2150916,2564420,2357668,3389082,4216090,3802586,8378370
2021-05-23,6032429,6449292,6240860,2214011,2630874,2422442,3401555,4235281,3818418,8521223
2021-05-24,6111847,6527211,6319529,2288517,2703881,2496199,3407966,4238694,3823330,8659708
2021-05-25,6185526,6587037,6386282,2381118,2782629,2581874,3402897,4205919,3804408,8798194
2021-05-26,6245707,6650035,6447871,2470545,2874873,2672709,3370834,4179490,3775162,8936679
2021-05-27,6305991,6727381,6516686,2545626,2967016,2756321,3338975,4181755,3760365,9075166
2021-05-28,6371851,6804725,6588288,2620707,3053581,2837144,3318270,4184018,3751144,9213651
2021-05-29,6440735,6877089,6658912,2700770,3137124,2918947,3303611,4176319,3739965,9352137
2021-05-30,6509620,6949451,6729536,2780833,3220664,3000748,3288956,4168618,3728787,9490622
2021-05-31,6626160,7047092,6836626,2867982,3288914,3078448,3337246,4179110,3758178,9654385
2021-06-01,6722667,7139719,6931193,2960144,3377196,3168670,3345471,4179575,3762523,9818147
2021-06-02,6814650,7255118,7034884,3029535,3470003,3249769,3344647,4225583,3785115,9981910
2021-06-03,6903738,7356787,7130262,3112659,3565708,3339184,3338030,4244128,3791079,10145675
2021-06-04,6992825,7457767,7225296,3196469,3661411,3428940,3331414,4261298,3796356,10309438
2021-06-05,7081912,7558746,7320329,3280279,3757113,3518696,3324799,4278467,3801633,10473200
2021-06-06,7169870,7660418,7415144,3363397,3853945,3608671,3315925,4297021,3806473,10636963
2021-06-07,7331465,7835382,7583424,3432409,3936326,3684368,3395139,4402973,3899056,10874017
2021-06-08,7470792,8006796,7738794,3504968,4040972,3772970,3429820,4501828,3965824,11111069
2021-06-09,7624897,8182272,7903584,3573468,4130843,3852156,3494054,4608804,4051429,11348123
2021-06-10,7777106,8354253,8065680,3645459,4222606,3934032,3554500,4708794,4131647,11585174
2021-06-11,7929155,8501846,8215500,3741842,4314533,4028188,3614622,4760004,4187313,11822228
2021-06-12,8081201,8649437,8365319,3838224,4406460,4122342,3674741,4811213,4242977,12059280
2021-06-13,8232849,8796339,8514594,3935298,4498788,4217043,3734061,4861041,4297551,12296334
2021-06-14,8331655,8910945,8621300,4027696,4606986,4317341,3724669,4883249,4303959,12500481
2021-06-15,8413119,9014141,8713630,4131502,4732524,4432013,3680595,4882639,4281617,12704627
2021-06-16,8502161,9113673,8807917,4238974,4850486,4544730,3651675,4874699,4263187,12908774
2021-06-17,8593013,9201765,8897389,4357884,4966636,4662260,3626377,4843881,4235129,13112920
2021-06-18,8680909,9294170,8987540,4472483,5085744,4779114,3595165,4821687,4208426,13317067
2021-06-19,8768804,9388097,9078450,4585558,5204851,4895204,3563953,4802539,4183246,13521213
2021-06-20,8857107,9476557,9166832,4704102,5323552,5013827,3533555,4772455,4153005,13725360
2021-06-21,8972463,9583729,9278096,4819876,5431142,5125509,3541321,4763853,4152587,13937168
2021-06-22,9070839,9680485,9375662,4946064,5555710,5250887,3515129,4734421,4124775,14148975
2021-06-23,9186776,9794574,9490675,5054921,5662719,5358820,3524057,4739653,4131855,14360783
2021-06-24,9313267,9885136,9599202,5187303,5759172,5473238,3554095,4697833,4125964,14572590
2021-06-25,9439660,9976235,9707948,5319150,5855725,5587438,3583935,4657085,4120510,14784398
2021-06-26,9555495,10067332,9811414,5450997,5962834,5706916,3592661,4616335,4104498,14996205
2021-06-27,9657736,10158431,9908084,5582844,6083539,5833192,3574197,4575587,4074892,15208013
2021-06-28,9775016,10264621,10019818,5715294,6204899,5960096,3570117,4549327,4059722,15426676
2021-06-29,9903216,10372450,10137833,5846102,6315336,6080719,3587880,4526348,4057114,15645337
2021-06-30,10037157,10486973,10262065,5970219,6420035,6195127,3617122,4516754,4066938,15864000
2021-07-01,10184595,10594564,10389580,6101268,6511237,6306252,3673358,4493296,4083327,16082663
2021-07-02,10331930,10702107,10517018,6232365,6602542,6417454,3729388,4469742,4099565,16301326
2021-07-03,10479266,10809650,10644458,6363459,6693843,6528651,3785423,4446191,4115807,16519987
2021-07-04,10631425,10930377,10780901,6481372,6780324,6630848,3851101,4449005,4150053,16738650
2021-07-05,10787300,11054822,10921061,6581803,6849325,6715564,3937975,4473019,4205497,16946695
2021-07-06,10905670,11190187,11047928,6671315,6955832,6813574,3949838,4518872,4234355,17154741
2021-07-07,11027586,11343645,11185616,6742733,7058792,6900762,3968794,4600912,4284853,17362786
2021-07-08,11154025,11493928,11323976,6817323,7157226,6987274,3996799,4676605,4336702,17570829
2021-07-09,11283361,11644262,11463812,6891865,7252766,7072316,4030595,4752397,4391496,17778874
2021-07-10,11412699,11794599,11603649,6966405,7348305,7157355,4064394,4828194,4446294,17986920
2021-07-11,11542035,11949916,11745976,7035964,7443845,7239904,4098190,4913952,4506071,18194965
2021-07-12,11648508,12081241,11864874,7101536,7534269,7317902,4114239,4979705,4546972,18373617
2021-07-13,11681914,12197435,11939674,7182238,7697759,7439998,3984155,5015197,4499676,18552268
2021-07-14,11727675,12318643,12023159,7257927,7848895,7553411,3878780,5060716,4469748,18730920
2021-07-15,11753896,12417080,12085488,7356387,8019571,7687979,3734325,5060693,4397509,18909572
2021-07-16,11782012,12515521,12148766,7454843,8188352,7821598,3593660,5060678,4327169,19088224
2021-07-17,11810288,12614648,12212468,7552612,8356972,7954792,3453316,5062036,4257676,19266875
2021-07-18,11838567,12717812,12278190,7646345,8525590,8085968,3312977,5071467,4192222,19445527
